"WS","Id","ProcessName"
"162811904","4392","SearchApp"
"143720448","5944","powershell"
"134819840","2464","MsMpEng"
"115859456","3836","explorer"
"106934272","100","Registry"
